1007
1014
1021
1022
1024
1028
1035
1036
1066
1067
1070
1082
11
111
112
1133
1142
1161
1171
1177
1178
119
1197
1198
12
1200
1207
1226
1231
124
1253
126
1268
1339
1349
1350
1359
1390
1406
1419
1463
15
150
1501
1524
157
16
1606
1607
1617
1620
163
164
1643
165
166
1668
168
1691
170
1709
1717
1724
1727
1733
1734
1739
1744
1755
1765
1769
1775
178
1781
1805
1819
1891
19
1909
1915
1929
193
1940
1944
1950
1958
1960
1963
1964
1972
20
2008
203
2079
21
2100
2107
2130
2148
217
2181
2182
2183
2199
2232
2287
2302
2309
2316
2342
2363
2384
2398
2431
245
2454
2459
2477
2486
2493
25
2500
2511
2517
2535
2559
2567
2581
26
2660
2661
2665
267
2686
2698
2717
2728
2730
2736
2738
2769
2786
2804
284
2849
2874
2893
2905
2911
2921
2936
2964
2969
2973
2996
2999
3036
3045
3081
31
3115
3118
3123
3130
3134
3141
3146
3150
3161
321
322
329
335
354
357
368
37
374
38
391
396
398
402
407
408
433
442
45
456
47
480
527
616
62
665
670
678
719
721
732
749
761
782
783
796
8
811
812
820
825
836
856
878
89
9
910
920
93
934
94
943
946
949
950
953
972
992
